{
 "cells": [
  {
   "cell_type": "code",
   "execution_count": 3,
   "metadata": {},
   "outputs": [],
   "source": [
    "import SimpleITK as sitk\n",
    "import os\n",
    "from os.path import join\n",
    "\n",
    "def reorient_images(src_dir, target_dir):\n",
    "    for img_name in os.listdir(src_dir):\n",
    "        if img_name.startswith('.'): continue\n",
    "        img_path = join(src_dir, img_name)\n",
    "        stik_img = sitk.ReadImage(img_path, sitk.sitkFloat32)\n",
    "        \n",
    "        reoriented = sitk.DICOMOrient(stik_img, 'PLS')\n",
    "        #print(img_name, stik_img.GetDirection())\n",
    "        print(img_name, reoriented.GetDirection())\n",
    "\n",
    "        # Save the reoriented image in the target directory\n",
    "        target_file_path = join(target_dir, img_name)\n",
    "        sitk.WriteImage(reoriented, target_file_path)\n",
    "\n",
    "        print(f\"Reoriented and saved: {img_name}\")\n"
   ]
  },
  {
   "cell_type": "code",
   "execution_count": 4,
   "metadata": {},
   "outputs": [
    {
     "name": "stdout",
     "output_type": "stream",
     "text": [
      "mca_22.nii.gz (0.0, 1.0, 0.0, 1.0, 0.0, 0.0, 0.0, 0.0, 1.0)\n",
      "Reoriented and saved: mca_22.nii.gz\n",
      "mca_126.nii.gz (0.0, 1.0, 0.0, 1.0, 0.0, 0.0, 0.0, 0.0, 1.0)\n",
      "Reoriented and saved: mca_126.nii.gz\n",
      "mca_45.nii.gz (0.0, 1.0, 0.0, 1.0, 0.0, 0.0, 0.0, 0.0, 1.0)\n",
      "Reoriented and saved: mca_45.nii.gz\n",
      "mca_69.nii.gz (0.0, 1.0, 0.0, 1.0, 0.0, 0.0, 0.0, 0.0, 1.0)\n",
      "Reoriented and saved: mca_69.nii.gz\n",
      "mca_65.nii.gz (0.0, 1.0, 0.0, 1.0, 0.0, 0.0, 0.0, 0.0, 1.0)\n",
      "Reoriented and saved: mca_65.nii.gz\n",
      "mca_57.nii.gz (0.0, 1.0, 0.0, 1.0, 0.0, 0.0, 0.0, 0.0, 1.0)\n",
      "Reoriented and saved: mca_57.nii.gz\n",
      "mca_14.nii.gz (0.0, 1.0, 0.0, 1.0, 0.0, 0.0, 0.0, 0.0, 1.0)\n",
      "Reoriented and saved: mca_14.nii.gz\n",
      "mca_15.nii.gz (0.0, 1.0, 0.0, 1.0, 0.0, 0.0, 0.0, 0.0, 1.0)\n",
      "Reoriented and saved: mca_15.nii.gz\n",
      "mca_26.nii.gz (0.0, 1.0, 0.0, 1.0, 0.0, 0.0, 0.0, 0.0, 1.0)\n",
      "Reoriented and saved: mca_26.nii.gz\n",
      "mca_48.nii.gz (0.0, 1.0, 0.0, 1.0, 0.0, 0.0, 0.0, 0.0, 1.0)\n",
      "Reoriented and saved: mca_48.nii.gz\n",
      "mca_29.nii.gz (0.0, 1.0, 0.0, 1.0, 0.0, 0.0, 0.0, 0.0, 1.0)\n",
      "Reoriented and saved: mca_29.nii.gz\n",
      "mca_17.nii.gz (0.0, 1.0, 0.0, 1.0, 0.0, 0.0, 0.0, 0.0, 1.0)\n",
      "Reoriented and saved: mca_17.nii.gz\n",
      "mca_02.nii.gz (0.0, 1.0, 0.0, 1.0, 0.0, 0.0, 0.0, 0.0, 1.0)\n",
      "Reoriented and saved: mca_02.nii.gz\n",
      "mca_63.nii.gz (0.0, 1.0, 0.0, 1.0, 0.0, 0.0, 0.0, 0.0, 1.0)\n",
      "Reoriented and saved: mca_63.nii.gz\n",
      "mca_75.nii.gz (0.0, 1.0, 0.0, 1.0, 0.0, 0.0, 0.0, 0.0, 1.0)\n",
      "Reoriented and saved: mca_75.nii.gz\n",
      "mca_34.nii.gz (0.0, 1.0, 0.0, 1.0, 0.0, 0.0, 0.0, 0.0, 1.0)\n",
      "Reoriented and saved: mca_34.nii.gz\n",
      "mca_140.nii.gz (0.0, 1.0, 0.0, 1.0, 0.0, 0.0, 0.0, 0.0, 1.0)\n",
      "Reoriented and saved: mca_140.nii.gz\n",
      "mca_38.nii.gz (0.0, 1.0, 0.0, 1.0, 0.0, 0.0, 0.0, 0.0, 1.0)\n",
      "Reoriented and saved: mca_38.nii.gz\n",
      "nyu_0149.nii.gz (0.0, 1.0, 0.0, 1.0, 0.0, 0.0, 0.0, 0.0, 1.0)\n",
      "Reoriented and saved: nyu_0149.nii.gz\n",
      "nyu_0094.nii.gz (0.0, 1.0, 0.0, 1.0, 0.0, 0.0, 0.0, 0.0, 1.0)\n",
      "Reoriented and saved: nyu_0094.nii.gz\n",
      "nyu_0013.nii.gz (0.0, 1.0, 0.0, 1.0, 0.0, 0.0, 0.0, 0.0, 1.0)\n",
      "Reoriented and saved: nyu_0013.nii.gz\n",
      "nyu_0089.nii.gz (0.0, 1.0, 0.0, 1.0, 0.0, 0.0, 0.0, 0.0, 1.0)\n",
      "Reoriented and saved: nyu_0089.nii.gz\n",
      "nyu_0150.nii.gz (0.0, 1.0, 0.0, 1.0, 0.0, 0.0, 0.0, 0.0, 1.0)\n",
      "Reoriented and saved: nyu_0150.nii.gz\n",
      "nyu_0172.nii.gz (0.0, 1.0, 0.0, 1.0, 0.0, 0.0, 0.0, 0.0, 1.0)\n",
      "Reoriented and saved: nyu_0172.nii.gz\n",
      "nyu_0097.nii.gz (0.0, 0.998806137068084, -0.04884978155721743, 1.0, 0.0, 0.0, 0.0, 0.04884977538466139, 0.9988061367661956)\n",
      "Reoriented and saved: nyu_0097.nii.gz\n",
      "nyu_0020.nii.gz (0.0, 1.0, 0.0, 1.0, 0.0, 0.0, 0.0, 0.0, 1.0)\n",
      "Reoriented and saved: nyu_0020.nii.gz\n",
      "nyu_0159.nii.gz (0.0, 1.0, 0.0, 1.0, 0.0, 0.0, 0.0, 0.0, 1.0)\n",
      "Reoriented and saved: nyu_0159.nii.gz\n",
      "nyu_0085.nii.gz (0.0, 1.0, 0.0, 1.0, 0.0, 0.0, 0.0, 0.0, 1.0)\n",
      "Reoriented and saved: nyu_0085.nii.gz\n",
      "nyu_0063.nii.gz (0.0, 1.0, 0.0, 1.0, 0.0, 0.0, 0.0, 0.0, 1.0)\n",
      "Reoriented and saved: nyu_0063.nii.gz\n",
      "nyu_0066.nii.gz (0.0, 0.9993808538630011, 0.0351839294777998, 1.0, 0.0, 0.0, 0.0, -0.03518393002577158, 0.9993808538822931)\n",
      "Reoriented and saved: nyu_0066.nii.gz\n",
      "nyu_0136.nii.gz (0.0, 1.0, 0.0, 1.0, 0.0, 0.0, 0.0, 0.0, 1.0)\n",
      "Reoriented and saved: nyu_0136.nii.gz\n",
      "nyu_0158.nii.gz (0.0, 1.0, 0.0, 1.0, 0.0, 0.0, 0.0, 0.0, 1.0)\n",
      "Reoriented and saved: nyu_0158.nii.gz\n",
      "nyu_0095.nii.gz (0.0, 0.9984646952399626, -0.05539180519062078, 1.0, 0.0, 0.0, 0.0, 0.05539180769182965, 0.9984646953787221)\n",
      "Reoriented and saved: nyu_0095.nii.gz\n",
      "nyu_0099.nii.gz (0.0, 1.0, 0.0, 1.0, 0.0, 0.0, 0.0, 0.0, 1.0)\n",
      "Reoriented and saved: nyu_0099.nii.gz\n",
      "nyu_0166.nii.gz (0.0, 1.0, 0.0, 1.0, 0.0, 0.0, 0.0, 0.0, 1.0)\n",
      "Reoriented and saved: nyu_0166.nii.gz\n",
      "nyu_0004.nii.gz (0.0, 1.0, 0.0, 1.0, 0.0, 0.0, 0.0, 0.0, 1.0)\n",
      "Reoriented and saved: nyu_0004.nii.gz\n",
      "nyu_0058.nii.gz (0.0, 0.999998476913785, -0.001745328237222098, 1.0, 0.0, 0.0, 0.0, 0.0017453280809164307, 0.9999984769135123)\n",
      "Reoriented and saved: nyu_0058.nii.gz\n",
      "nyu_0081.nii.gz (0.0, 0.9991943951672507, -0.0401317942396224, 1.0, 0.0, 0.0, 0.0, 0.04013179121783652, 0.9991943950458833)\n",
      "Reoriented and saved: nyu_0081.nii.gz\n",
      "nyu_0129.nii.gz (0.00011612245518506297, 0.9974460628562333, 0.07142364752620632, 0.9999947201389834, 0.00011612253941496587, -0.003247492928515152, 0.0032474928378035243, -0.07142365300203478, 0.9974407833870298)\n",
      "Reoriented and saved: nyu_0129.nii.gz\n",
      "nyu_0171.nii.gz (0.0, 1.0, 0.0, 1.0, 0.0, 0.0, 0.0, 0.0, 1.0)\n",
      "Reoriented and saved: nyu_0171.nii.gz\n",
      "nyu_0035.nii.gz (0.0, 1.0, 0.0, 1.0, 0.0, 0.0, 0.0, 0.0, 1.0)\n",
      "Reoriented and saved: nyu_0035.nii.gz\n",
      "nyu_0133.nii.gz (0.0, 1.0, 0.0, 1.0, 0.0, 0.0, 0.0, 0.0, 1.0)\n",
      "Reoriented and saved: nyu_0133.nii.gz\n",
      "nyu_0140.nii.gz (0.0, 1.0, 0.0, 1.0, 0.0, 0.0, 0.0, 0.0, 1.0)\n",
      "Reoriented and saved: nyu_0140.nii.gz\n",
      "nyu_0006.nii.gz (0.0, 1.0, 0.0, 1.0, 0.0, 0.0, 0.0, 0.0, 1.0)\n",
      "Reoriented and saved: nyu_0006.nii.gz\n",
      "nyu_0109.nii.gz (0.0, 1.0, 0.0, 1.0, 0.0, 0.0, 0.0, 0.0, 1.0)\n",
      "Reoriented and saved: nyu_0109.nii.gz\n",
      "nyu_0065.nii.gz (0.0, 1.0, 0.0, 1.0, 0.0, 0.0, 0.0, 0.0, 1.0)\n",
      "Reoriented and saved: nyu_0065.nii.gz\n",
      "nyu_0053.nii.gz (0.0, 1.0, 0.0, 1.0, 0.0, 0.0, 0.0, 0.0, 1.0)\n",
      "Reoriented and saved: nyu_0053.nii.gz\n",
      "nyu_0100.nii.gz (-0.08013273128271824, 0.9965291932797199, 0.022545744133001963, 0.9967839291976682, 0.08012895423123483, 0.0010728145272932079, 0.0007374757146910197, -0.022559202891043423, 0.9997452367930938)\n",
      "Reoriented and saved: nyu_0100.nii.gz\n",
      "nyu_0040.nii.gz (0.0, 0.9994502159329672, 0.033155180815890875, 1.0, 0.0, 0.0, 0.0, -0.03315517865349453, 0.9994502158612332)\n",
      "Reoriented and saved: nyu_0040.nii.gz\n",
      "nyu_0135.nii.gz (0.0, 1.0, 0.0, 1.0, 0.0, 0.0, 0.0, 0.0, 1.0)\n",
      "Reoriented and saved: nyu_0135.nii.gz\n",
      "nyu_0118.nii.gz (0.0, 1.0, 0.0, 1.0, 0.0, 0.0, 0.0, 0.0, 1.0)\n",
      "Reoriented and saved: nyu_0118.nii.gz\n",
      "nyu_0128.nii.gz (0.0, 1.0, 0.0, 1.0, 0.0, 0.0, 0.0, 0.0, 1.0)\n",
      "Reoriented and saved: nyu_0128.nii.gz\n",
      "nyu_0127.nii.gz (0.0, 1.0, 0.0, 1.0, 0.0, 0.0, 0.0, 0.0, 1.0)\n",
      "Reoriented and saved: nyu_0127.nii.gz\n",
      "nyu_0168.nii.gz (0.0, 0.9999695951569592, -0.00779799735726227, 1.0, 0.0, 0.0, 0.0, 0.007797997283098174, 0.9999695951563808)\n",
      "Reoriented and saved: nyu_0168.nii.gz\n",
      "nyu_0015.nii.gz (0.0, 1.0, 0.0, 1.0, 0.0, 0.0, 0.0, 0.0, 1.0)\n",
      "Reoriented and saved: nyu_0015.nii.gz\n",
      "nyu_0060.nii.gz (0.0, 0.9997270011086431, 0.02336499944935421, 1.0, 0.0, 0.0, 0.0, -0.023365000627409708, 0.9997270011361761)\n",
      "Reoriented and saved: nyu_0060.nii.gz\n",
      "nyu_0031.nii.gz (0.0, 1.0, 0.0, 1.0, 0.0, 0.0, 0.0, 0.0, 1.0)\n",
      "Reoriented and saved: nyu_0031.nii.gz\n",
      "nyu_0018.nii.gz (0.0, 1.0, 0.0, 1.0, 0.0, 0.0, 0.0, 0.0, 1.0)\n",
      "Reoriented and saved: nyu_0018.nii.gz\n",
      "nyu_0036.nii.gz (0.0, 1.0, 0.0, 1.0, 0.0, 0.0, 0.0, 0.0, 1.0)\n",
      "Reoriented and saved: nyu_0036.nii.gz\n",
      "nyu_0090.nii.gz (0.0, 1.0, 0.0, 1.0, 0.0, 0.0, 0.0, 0.0, 1.0)\n",
      "Reoriented and saved: nyu_0090.nii.gz\n",
      "nyu_0056.nii.gz (0.0, 1.0, 0.0, 1.0, 0.0, 0.0, 0.0, 0.0, 1.0)\n",
      "Reoriented and saved: nyu_0056.nii.gz\n",
      "nyu_0126.nii.gz (0.0, 0.999643530268411, -0.026698546774940237, 1.0, 0.0, 0.0, 0.0, 0.026698546636628757, 0.999643530264717)\n",
      "Reoriented and saved: nyu_0126.nii.gz\n",
      "nyu_0024.nii.gz (0.0, 1.0, 0.0, 1.0, 0.0, 0.0, 0.0, 0.0, 1.0)\n",
      "Reoriented and saved: nyu_0024.nii.gz\n",
      "nyu_0173.nii.gz (0.0, 1.0, 0.0, 1.0, 0.0, 0.0, 0.0, 0.0, 1.0)\n",
      "Reoriented and saved: nyu_0173.nii.gz\n",
      "nyu_0091.nii.gz (0.0, 0.9986295345894426, 0.05233596260141117, 1.0, 0.0, 0.0, 0.0, -0.05233595939383567, 0.9986295344213407)\n",
      "Reoriented and saved: nyu_0091.nii.gz\n",
      "nyu_0010.nii.gz (0.0, 1.0, 0.0, 1.0, 0.0, 0.0, 0.0, 0.0, 1.0)\n",
      "Reoriented and saved: nyu_0010.nii.gz\n",
      "nyu_0073.nii.gz (0.0, 1.0, 0.0, 1.0, 0.0, 0.0, 0.0, 0.0, 1.0)\n",
      "Reoriented and saved: nyu_0073.nii.gz\n",
      "nyu_0001.nii.gz (0.0, 1.0, 0.0, 1.0, 0.0, 0.0, 0.0, 0.0, 1.0)\n",
      "Reoriented and saved: nyu_0001.nii.gz\n",
      "nyu_0025.nii.gz (0.0, 1.0, 0.0, 1.0, 0.0, 0.0, 0.0, 0.0, 1.0)\n",
      "Reoriented and saved: nyu_0025.nii.gz\n",
      "nyu_0022.nii.gz (0.0, 0.999450215820651, -0.033155179327412784, 1.0, 0.0, 0.0, 0.0, 0.03315518203922359, 0.9994502159106111)\n",
      "Reoriented and saved: nyu_0022.nii.gz\n",
      "nyu_0026.nii.gz (0.0, 0.9992629167164871, 0.03838779996380807, 1.0, 0.0, 0.0, 0.0, -0.03838780112560294, 0.9992629167611188)\n",
      "Reoriented and saved: nyu_0026.nii.gz\n",
      "nyu_0162.nii.gz (0.0, 1.0, 0.0, 1.0, 0.0, 0.0, 0.0, 0.0, 1.0)\n",
      "Reoriented and saved: nyu_0162.nii.gz\n",
      "nyu_0104.nii.gz (0.0, 1.0, 0.0, 1.0, 0.0, 0.0, 0.0, 0.0, 1.0)\n",
      "Reoriented and saved: nyu_0104.nii.gz\n",
      "nyu_0157.nii.gz (0.0, 1.0, 0.0, 1.0, 0.0, 0.0, 0.0, 0.0, 1.0)\n",
      "Reoriented and saved: nyu_0157.nii.gz\n",
      "nyu_0047.nii.gz (0.0, 1.0, 0.0, 1.0, 0.0, 0.0, 0.0, 0.0, 1.0)\n",
      "Reoriented and saved: nyu_0047.nii.gz\n",
      "nyu_0156.nii.gz (0.0, 1.0, 0.0, 1.0, 0.0, 0.0, 0.0, 0.0, 1.0)\n",
      "Reoriented and saved: nyu_0156.nii.gz\n",
      "nyu_0050.nii.gz (0.0, 0.9997014898357711, 0.024432174042489836, 1.0, 0.0, 0.0, 0.0, -0.024432175919058347, 0.9997014898816334)\n",
      "Reoriented and saved: nyu_0050.nii.gz\n",
      "nyu_0132.nii.gz (0.0, 1.0, 0.0, 1.0, 0.0, 0.0, 0.0, 0.0, 1.0)\n",
      "Reoriented and saved: nyu_0132.nii.gz\n",
      "ahn_21.nii.gz (0.0, 1.0, 0.0, 1.0, 0.0, 0.0, 0.0, 0.0, 1.0)\n",
      "Reoriented and saved: ahn_21.nii.gz\n",
      "ahn_29.nii.gz (0.0, 1.0, 0.0, 1.0, 0.0, 0.0, 0.0, 0.0, 1.0)\n",
      "Reoriented and saved: ahn_29.nii.gz\n",
      "ahn_54.nii.gz (0.0, 1.0, 0.0, 1.0, 0.0, 0.0, 0.0, 0.0, 1.0)\n",
      "Reoriented and saved: ahn_54.nii.gz\n",
      "ahn_02.nii.gz (0.0, 1.0, 0.0, 1.0, 0.0, 0.0, 0.0, 0.0, 1.0)\n",
      "Reoriented and saved: ahn_02.nii.gz\n",
      "ahn_23.nii.gz (0.0, 1.0, 0.0, 1.0, 0.0, 0.0, 0.0, 0.0, 1.0)\n",
      "Reoriented and saved: ahn_23.nii.gz\n",
      "ahn_80.nii.gz (0.0, 1.0, 0.0, 1.0, 0.0, 0.0, 0.0, 0.0, 1.0)\n",
      "Reoriented and saved: ahn_80.nii.gz\n",
      "ahn_51.nii.gz (0.0, 1.0, 0.0, 1.0, 0.0, 0.0, 0.0, 0.0, 1.0)\n",
      "Reoriented and saved: ahn_51.nii.gz\n",
      "ahn_09.nii.gz (0.0, 1.0, 0.0, 1.0, 0.0, 0.0, 0.0, 0.0, 1.0)\n",
      "Reoriented and saved: ahn_09.nii.gz\n",
      "ahn_77.nii.gz (0.0, 1.0, 0.0, 1.0, 0.0, 0.0, 0.0, 0.0, 1.0)\n",
      "Reoriented and saved: ahn_77.nii.gz\n",
      "ahn_11.nii.gz (0.0, 1.0, 0.0, 1.0, 0.0, 0.0, 0.0, 0.0, 1.0)\n",
      "Reoriented and saved: ahn_11.nii.gz\n",
      "ahn_48.nii.gz (0.0, 1.0, 0.0, 1.0, 0.0, 0.0, 0.0, 0.0, 1.0)\n",
      "Reoriented and saved: ahn_48.nii.gz\n",
      "ahn_27.nii.gz (0.0, 1.0, 0.0, 1.0, 0.0, 0.0, 0.0, 0.0, 1.0)\n",
      "Reoriented and saved: ahn_27.nii.gz\n",
      "ahn_28.nii.gz (0.0, 1.0, 0.0, 1.0, 0.0, 0.0, 0.0, 0.0, 1.0)\n",
      "Reoriented and saved: ahn_28.nii.gz\n",
      "ahn_35.nii.gz (0.0, 1.0, 0.0, 1.0, 0.0, 0.0, 0.0, 0.0, 1.0)\n",
      "Reoriented and saved: ahn_35.nii.gz\n",
      "ahn_16.nii.gz (0.0, 1.0, 0.0, 1.0, 0.0, 0.0, 0.0, 0.0, 1.0)\n",
      "Reoriented and saved: ahn_16.nii.gz\n",
      "ahn_12.nii.gz (0.0, 1.0, 0.0, 1.0, 0.0, 0.0, 0.0, 0.0, 1.0)\n",
      "Reoriented and saved: ahn_12.nii.gz\n",
      "ahn_05.nii.gz (-1.2184348811783109e-21, 1.0, -3.49054472378474e-19, 0.9999756307070053, -1.2184348266282547e-21, -0.006981259587286864, 0.006981260067281041, 3.490544878855001e-19, 0.9999756307103562)\n",
      "Reoriented and saved: ahn_05.nii.gz\n",
      "ahn_19.nii.gz (0.0, 1.0, 0.0, 1.0, 0.0, 0.0, 0.0, 0.0, 1.0)\n",
      "Reoriented and saved: ahn_19.nii.gz\n",
      "ahn_41.nii.gz (0.0, 1.0, 0.0, 1.0, 0.0, 0.0, 0.0, 0.0, 1.0)\n",
      "Reoriented and saved: ahn_41.nii.gz\n",
      "ahn_58.nii.gz (0.0, 1.0, 0.0, 1.0, 0.0, 0.0, 0.0, 0.0, 1.0)\n",
      "Reoriented and saved: ahn_58.nii.gz\n",
      "ahn_61.nii.gz (3.0461712309670406e-22, 0.9999939076568443, -0.0034906517774526955, 1.0, 3.0461712650005027e-22, 1.7453257596755452e-19, -1.74532572561477e-19, 0.003490651686249294, 0.9999939076565261)\n",
      "Reoriented and saved: ahn_61.nii.gz\n"
     ]
    }
   ],
   "source": [
    "#LABELS\n",
    "\n",
    "def main():\n",
    "    centers = ['mayo_arizona', 'nyu', 'allegheny']\n",
    "    for center in centers:\n",
    "        src_dir = f'/data/ayc9699/dataset/pancreas_ipmn_ilkin/cyst_segmentation/labels/raw/{center}'\n",
    "        target_dir = f'/data/ayc9699/dataset/pancreas_ipmn_ilkin/cyst_segmentation/labels/reoriented/{center}_PLS'\n",
    "        reorient_images(src_dir, target_dir)\n",
    "\n",
    "if __name__ == '__main__':\n",
    "    main()"
   ]
  },
  {
   "cell_type": "code",
   "execution_count": 5,
   "metadata": {},
   "outputs": [
    {
     "name": "stdout",
     "output_type": "stream",
     "text": [
      "mca_22.nii.gz (0.0, 1.0, 0.0, 1.0, 0.0, 0.0, 0.0, 0.0, 1.0)\n",
      "Reoriented and saved: mca_22.nii.gz\n",
      "mca_11.nii.gz (0.0, 1.0, 0.0, 1.0, 0.0, 0.0, 0.0, 0.0, 1.0)\n",
      "Reoriented and saved: mca_11.nii.gz\n",
      "mca_126.nii.gz (0.0, 1.0, 0.0, 1.0, 0.0, 0.0, 0.0, 0.0, 1.0)\n",
      "Reoriented and saved: mca_126.nii.gz\n",
      "mca_138.nii.gz (0.05771111228084076, 0.9983333248566373, 0.0, 0.9983333248566373, -0.05771111228084076, 0.0, 0.0, 0.0, 1.0)\n",
      "Reoriented and saved: mca_138.nii.gz\n",
      "mca_10.nii.gz (-3.7805554435635756e-06, 0.9999854934587344, -0.00538635822043619, 0.9999990147477507, -3.7805559249644576e-06, -0.0014037413019789488, 0.0014037411568351415, 0.00538635849149714, 0.9999845082077413)\n",
      "Reoriented and saved: mca_10.nii.gz\n",
      "mca_05.nii.gz (0.0, 1.0, 0.0, 1.0, 0.0, 0.0, 0.0, 0.0, 1.0)\n",
      "Reoriented and saved: mca_05.nii.gz\n",
      "mca_30.nii.gz (0.0, 1.0, 0.0, 1.0, 0.0, 0.0, 0.0, 0.0, 1.0)\n",
      "Reoriented and saved: mca_30.nii.gz\n",
      "mca_45.nii.gz (0.0, 1.0, 0.0, 1.0, 0.0, 0.0, 0.0, 0.0, 1.0)\n",
      "Reoriented and saved: mca_45.nii.gz\n",
      "mca_69.nii.gz (0.0, 1.0, 0.0, 1.0, 0.0, 0.0, 0.0, 0.0, 1.0)\n",
      "Reoriented and saved: mca_69.nii.gz\n",
      "mca_40.nii.gz (0.0, 1.0, 0.0, 1.0, 0.0, 0.0, 0.0, 0.0, 1.0)\n",
      "Reoriented and saved: mca_40.nii.gz\n",
      "mca_12.nii.gz (0.0, 1.0, 0.0, 1.0, 0.0, 0.0, 0.0, 0.0, 1.0)\n",
      "Reoriented and saved: mca_12.nii.gz\n",
      "mca_65.nii.gz (0.0, 1.0, 0.0, 1.0, 0.0, 0.0, 0.0, 0.0, 1.0)\n",
      "Reoriented and saved: mca_65.nii.gz\n",
      "mca_57.nii.gz (0.0, 1.0, 0.0, 1.0, 0.0, 0.0, 0.0, 0.0, 1.0)\n",
      "Reoriented and saved: mca_57.nii.gz\n",
      "mca_14.nii.gz (0.0, 1.0, 0.0, 1.0, 0.0, 0.0, 0.0, 0.0, 1.0)\n",
      "Reoriented and saved: mca_14.nii.gz\n",
      "mca_15.nii.gz (0.0, 1.0, 0.0, 1.0, 0.0, 0.0, 0.0, 0.0, 1.0)\n",
      "Reoriented and saved: mca_15.nii.gz\n",
      "mca_124.nii.gz (0.0, 1.0, 0.0, 1.0, 0.0, 0.0, 0.0, 0.0, 1.0)\n",
      "Reoriented and saved: mca_124.nii.gz\n",
      "mca_26.nii.gz (0.0, 1.0, 0.0, 1.0, 0.0, 0.0, 0.0, 0.0, 1.0)\n",
      "Reoriented and saved: mca_26.nii.gz\n",
      "mca_48.nii.gz (0.0, 1.0, 0.0, 1.0, 0.0, 0.0, 0.0, 0.0, 1.0)\n",
      "Reoriented and saved: mca_48.nii.gz\n",
      "mca_29.nii.gz (0.0, 1.0, 0.0, 1.0, 0.0, 0.0, 0.0, 0.0, 1.0)\n",
      "Reoriented and saved: mca_29.nii.gz\n",
      "mca_17.nii.gz (0.0, 1.0, 0.0, 1.0, 0.0, 0.0, 0.0, 0.0, 1.0)\n",
      "Reoriented and saved: mca_17.nii.gz\n",
      "mca_02.nii.gz (0.0, 1.0, 0.0, 1.0, 0.0, 0.0, 0.0, 0.0, 1.0)\n",
      "Reoriented and saved: mca_02.nii.gz\n",
      "mca_63.nii.gz (0.0, 1.0, 0.0, 1.0, 0.0, 0.0, 0.0, 0.0, 1.0)\n",
      "Reoriented and saved: mca_63.nii.gz\n",
      "mca_75.nii.gz (0.0, 1.0, 0.0, 1.0, 0.0, 0.0, 0.0, 0.0, 1.0)\n",
      "Reoriented and saved: mca_75.nii.gz\n",
      "mca_24.nii.gz (0.0, 1.0, 0.0, 1.0, 0.0, 0.0, 0.0, 0.0, 1.0)\n",
      "Reoriented and saved: mca_24.nii.gz\n",
      "mca_34.nii.gz (0.0, 1.0, 0.0, 1.0, 0.0, 0.0, 0.0, 0.0, 1.0)\n",
      "Reoriented and saved: mca_34.nii.gz\n",
      "mca_140.nii.gz (0.0, 1.0, 0.0, 1.0, 0.0, 0.0, 0.0, 0.0, 1.0)\n",
      "Reoriented and saved: mca_140.nii.gz\n",
      "mca_128.nii.gz (0.0, 1.0, 0.0, 1.0, 0.0, 0.0, 0.0, 0.0, 1.0)\n",
      "Reoriented and saved: mca_128.nii.gz\n",
      "mca_38.nii.gz (0.0, 1.0, 0.0, 1.0, 0.0, 0.0, 0.0, 0.0, 1.0)\n",
      "Reoriented and saved: mca_38.nii.gz\n",
      "nyu_0038.nii.gz (0.0, 0.9996573465682664, 0.026176123342906525, 1.0, 0.0, 0.0, 0.0, -0.02617612370258066, 0.9996573465776846)\n",
      "Reoriented and saved: nyu_0038.nii.gz\n",
      "nyu_0011.nii.gz (0.0, 1.0, 0.0, 1.0, 0.0, 0.0, 0.0, 0.0, 1.0)\n",
      "Reoriented and saved: nyu_0011.nii.gz\n",
      "nyu_0083.nii.gz (0.0, 0.999742609303265, 0.022687333916781873, 1.0, 0.0, 0.0, 0.0, -0.022687334429134356, 0.9997426093148918)\n",
      "Reoriented and saved: nyu_0083.nii.gz\n",
      "nyu_0149.nii.gz (0.0, 1.0, 0.0, 1.0, 0.0, 0.0, 0.0, 0.0, 1.0)\n",
      "Reoriented and saved: nyu_0149.nii.gz\n",
      "nyu_0094.nii.gz (0.0, 1.0, 0.0, 1.0, 0.0, 0.0, 0.0, 0.0, 1.0)\n",
      "Reoriented and saved: nyu_0094.nii.gz\n",
      "nyu_0013.nii.gz (0.0, 1.0, 0.0, 1.0, 0.0, 0.0, 0.0, 0.0, 1.0)\n",
      "Reoriented and saved: nyu_0013.nii.gz\n",
      "nyu_0089.nii.gz (0.0, 1.0, 0.0, 1.0, 0.0, 0.0, 0.0, 0.0, 1.0)\n",
      "Reoriented and saved: nyu_0089.nii.gz\n",
      "nyu_0077.nii.gz (0.0, 1.0, 0.0, 1.0, 0.0, 0.0, 0.0, 0.0, 1.0)\n",
      "Reoriented and saved: nyu_0077.nii.gz\n",
      "nyu_0114.nii.gz (0.0, 1.0, 0.0, 1.0, 0.0, 0.0, 0.0, 0.0, 1.0)\n",
      "Reoriented and saved: nyu_0114.nii.gz\n",
      "nyu_0150.nii.gz (0.0, 1.0, 0.0, 1.0, 0.0, 0.0, 0.0, 0.0, 1.0)\n",
      "Reoriented and saved: nyu_0150.nii.gz\n",
      "nyu_0028.nii.gz (0.0, 0.999893571763443, 0.014589213286996121, 1.0, 0.0, 0.0, 0.0, -0.014589213349064836, 0.9998935717643486)\n",
      "Reoriented and saved: nyu_0028.nii.gz\n",
      "nyu_0172.nii.gz (0.0, 1.0, 0.0, 1.0, 0.0, 0.0, 0.0, 0.0, 1.0)\n",
      "Reoriented and saved: nyu_0172.nii.gz\n",
      "nyu_0097.nii.gz (0.0, 0.998806137068084, -0.04884978155721743, 1.0, 0.0, 0.0, 0.0, 0.04884977538466139, 0.9988061367661956)\n",
      "Reoriented and saved: nyu_0097.nii.gz\n",
      "nyu_0146.nii.gz (0.0, 1.0, 0.0, 1.0, 0.0, 0.0, 0.0, 0.0, 1.0)\n",
      "Reoriented and saved: nyu_0146.nii.gz\n",
      "nyu_0087.nii.gz (0.0, 0.9999038688841024, 0.013865532458328415, 1.0, 0.0, 0.0, 0.0, -0.013865532467368642, 0.9999038688842278)\n",
      "Reoriented and saved: nyu_0087.nii.gz\n",
      "nyu_0153.nii.gz (0.0, 1.0, 0.0, 1.0, 0.0, 0.0, 0.0, 0.0, 1.0)\n",
      "Reoriented and saved: nyu_0153.nii.gz\n",
      "nyu_0112.nii.gz (0.0, 1.0, 0.0, 1.0, 0.0, 0.0, 0.0, 0.0, 1.0)\n",
      "Reoriented and saved: nyu_0112.nii.gz\n",
      "nyu_0110.nii.gz (0.0, 1.0, 0.0, 1.0, 0.0, 0.0, 0.0, 0.0, 1.0)\n",
      "Reoriented and saved: nyu_0110.nii.gz\n",
      "nyu_0174.nii.gz (0.0, 1.0, 0.0, 1.0, 0.0, 0.0, 0.0, 0.0, 1.0)\n",
      "Reoriented and saved: nyu_0174.nii.gz\n",
      "nyu_0092.nii.gz (0.0, 1.0, 0.0, 1.0, 0.0, 0.0, 0.0, 0.0, 1.0)\n",
      "Reoriented and saved: nyu_0092.nii.gz\n",
      "nyu_0043.nii.gz (0.0, 1.0, 0.0, 1.0, 0.0, 0.0, 0.0, 0.0, 1.0)\n",
      "Reoriented and saved: nyu_0043.nii.gz\n",
      "nyu_0021.nii.gz (0.0, 1.0, 0.0, 1.0, 0.0, 0.0, 0.0, 0.0, 1.0)\n",
      "Reoriented and saved: nyu_0021.nii.gz\n",
      "nyu_0020.nii.gz (0.0, 1.0, 0.0, 1.0, 0.0, 0.0, 0.0, 0.0, 1.0)\n",
      "Reoriented and saved: nyu_0020.nii.gz\n",
      "nyu_0070.nii.gz (2.022950764401704e-07, 0.9996529737178578, -0.026342591925460214, 0.9999999998820744, 2.0229502170100102e-07, 1.5356115328711296e-05, -1.5356116331546684e-05, 0.026342591691084924, 0.9996529735937558)\n",
      "Reoriented and saved: nyu_0070.nii.gz\n",
      "nyu_0044.nii.gz (0.0, 1.0, 0.0, 1.0, 0.0, 0.0, 0.0, 0.0, 1.0)\n",
      "Reoriented and saved: nyu_0044.nii.gz\n",
      "nyu_0159.nii.gz (0.0, 1.0, 0.0, 1.0, 0.0, 0.0, 0.0, 0.0, 1.0)\n",
      "Reoriented and saved: nyu_0159.nii.gz\n",
      "nyu_0085.nii.gz (0.0, 1.0, 0.0, 1.0, 0.0, 0.0, 0.0, 0.0, 1.0)\n",
      "Reoriented and saved: nyu_0085.nii.gz\n",
      "nyu_0051.nii.gz (0.0, 0.9999253696418885, -0.012217001816922899, 1.0, 0.0, 0.0, 0.0, 0.012217002354615652, 0.9999253696484579)\n",
      "Reoriented and saved: nyu_0051.nii.gz\n",
      "nyu_0151.nii.gz (0.0, 1.0, 0.0, 1.0, 0.0, 0.0, 0.0, 0.0, 1.0)\n",
      "Reoriented and saved: nyu_0151.nii.gz\n",
      "nyu_0012.nii.gz (0.0, 0.9991683480960231, -0.040775139986243554, 1.0, 0.0, 0.0, 0.0, 0.04077514148429861, 0.9991683481571573)\n",
      "Reoriented and saved: nyu_0012.nii.gz\n",
      "nyu_0080.nii.gz (0.0, 0.9991943951672507, -0.0401317942396224, 1.0, 0.0, 0.0, 0.0, 0.04013179121783652, 0.9991943950458833)\n",
      "Reoriented and saved: nyu_0080.nii.gz\n",
      "nyu_0063.nii.gz (0.0, 1.0, 0.0, 1.0, 0.0, 0.0, 0.0, 0.0, 1.0)\n",
      "Reoriented and saved: nyu_0063.nii.gz\n",
      "nyu_0066.nii.gz (0.0, 0.9993808538630011, 0.0351839294777998, 1.0, 0.0, 0.0, 0.0, -0.03518393002577158, 0.9993808538822931)\n",
      "Reoriented and saved: nyu_0066.nii.gz\n",
      "nyu_0055.nii.gz (0.0, 1.0, 0.0, 1.0, 0.0, 0.0, 0.0, 0.0, 1.0)\n",
      "Reoriented and saved: nyu_0055.nii.gz\n",
      "nyu_0136.nii.gz (0.0, 1.0, 0.0, 1.0, 0.0, 0.0, 0.0, 0.0, 1.0)\n",
      "Reoriented and saved: nyu_0136.nii.gz\n",
      "nyu_0134.nii.gz (0.0, 1.0, 0.0, 1.0, 0.0, 0.0, 0.0, 0.0, 1.0)\n",
      "Reoriented and saved: nyu_0134.nii.gz\n",
      "nyu_0158.nii.gz (0.0, 1.0, 0.0, 1.0, 0.0, 0.0, 0.0, 0.0, 1.0)\n",
      "Reoriented and saved: nyu_0158.nii.gz\n",
      "nyu_0148.nii.gz (0.0, 1.0, 0.0, 1.0, 0.0, 0.0, 0.0, 0.0, 1.0)\n",
      "Reoriented and saved: nyu_0148.nii.gz\n",
      "nyu_0016.nii.gz (0.0, 1.0, 0.0, 1.0, 0.0, 0.0, 0.0, 0.0, 1.0)\n",
      "Reoriented and saved: nyu_0016.nii.gz\n",
      "nyu_0144.nii.gz (0.0, 1.0, 0.0, 1.0, 0.0, 0.0, 0.0, 0.0, 1.0)\n",
      "Reoriented and saved: nyu_0144.nii.gz\n",
      "nyu_0032.nii.gz (0.0, 1.0, 0.0, 1.0, 0.0, 0.0, 0.0, 0.0, 1.0)\n",
      "Reoriented and saved: nyu_0032.nii.gz\n",
      "nyu_0142.nii.gz (0.0, 1.0, 0.0, 1.0, 0.0, 0.0, 0.0, 0.0, 1.0)\n",
      "Reoriented and saved: nyu_0142.nii.gz\n",
      "nyu_0164.nii.gz (0.0, 1.0, 0.0, 1.0, 0.0, 0.0, 0.0, 0.0, 1.0)\n",
      "Reoriented and saved: nyu_0164.nii.gz\n",
      "nyu_0054.nii.gz (0.0, 1.0, 0.0, 1.0, 0.0, 0.0, 0.0, 0.0, 1.0)\n",
      "Reoriented and saved: nyu_0054.nii.gz\n",
      "nyu_0017.nii.gz (0.0, 1.0, 0.0, 1.0, 0.0, 0.0, 0.0, 0.0, 1.0)\n",
      "Reoriented and saved: nyu_0017.nii.gz\n",
      "nyu_0095.nii.gz (0.0, 0.9984646952399626, -0.05539180519062078, 1.0, 0.0, 0.0, 0.0, 0.05539180769182965, 0.9984646953787221)\n",
      "Reoriented and saved: nyu_0095.nii.gz\n",
      "nyu_0099.nii.gz (0.0, 1.0, 0.0, 1.0, 0.0, 0.0, 0.0, 0.0, 1.0)\n",
      "Reoriented and saved: nyu_0099.nii.gz\n",
      "nyu_0120.nii.gz (-2.3049682896035843e-06, 0.9995598722714708, -0.029665834634714484, 0.9999999879287808, -2.3049679853756826e-06, -0.0001553612789711746, 0.0001553612742445474, 0.029665834546291518, 0.9995598601976265)\n",
      "Reoriented and saved: nyu_0120.nii.gz\n",
      "nyu_0122.nii.gz (0.0, 1.0, 0.0, 1.0, 0.0, 0.0, 0.0, 0.0, 1.0)\n",
      "Reoriented and saved: nyu_0122.nii.gz\n",
      "nyu_0041.nii.gz (0.0, 1.0, 0.0, 1.0, 0.0, 0.0, 0.0, 0.0, 1.0)\n",
      "Reoriented and saved: nyu_0041.nii.gz\n",
      "nyu_0093.nii.gz (0.0, 0.9996573249919354, -0.026176948821518664, 1.0, 0.0, 0.0, 0.0, 0.026176947682418714, 0.999657324962107)\n",
      "Reoriented and saved: nyu_0093.nii.gz\n",
      "nyu_0166.nii.gz (0.0, 1.0, 0.0, 1.0, 0.0, 0.0, 0.0, 0.0, 1.0)\n",
      "Reoriented and saved: nyu_0166.nii.gz\n",
      "nyu_0165.nii.gz (0.0, 0.9995750337942289, 0.029150500006159014, 1.0, 0.0, 0.0, 0.0, -0.029150502830417795, 0.9995750338765924)\n",
      "Reoriented and saved: nyu_0165.nii.gz\n",
      "nyu_0005.nii.gz (0.0, 0.9993908270826595, 0.03489949383316079, 1.0, 0.0, 0.0, 0.0, -0.03489949488227315, 0.9993908271192953)\n",
      "Reoriented and saved: nyu_0005.nii.gz\n",
      "nyu_0004.nii.gz (0.0, 1.0, 0.0, 1.0, 0.0, 0.0, 0.0, 0.0, 1.0)\n",
      "Reoriented and saved: nyu_0004.nii.gz\n",
      "nyu_0058.nii.gz (0.0, 0.9999984769141274, -0.0017453280431971477, 1.0, 0.0, 0.0, 0.0, 0.0017453278848491211, 0.9999984769138509)\n",
      "Reoriented and saved: nyu_0058.nii.gz\n",
      "nyu_0075.nii.gz (0.0, 1.0, 0.0, 1.0, 0.0, 0.0, 0.0, 0.0, 1.0)\n",
      "Reoriented and saved: nyu_0075.nii.gz\n",
      "nyu_0154.nii.gz (0.0, 0.999644796946651, -0.02665107666704013, 1.0, 0.0, 0.0, 0.0, 0.02665107760464742, 0.9996447969716481)\n",
      "Reoriented and saved: nyu_0154.nii.gz\n",
      "nyu_0002.nii.gz (0.0, 1.0, 0.0, 1.0, 0.0, 0.0, 0.0, 0.0, 1.0)\n",
      "Reoriented and saved: nyu_0002.nii.gz\n",
      "nyu_0034.nii.gz (0.0, 1.0, 0.0, 1.0, 0.0, 0.0, 0.0, 0.0, 1.0)\n",
      "Reoriented and saved: nyu_0034.nii.gz\n",
      "nyu_0147.nii.gz (0.0, 1.0, 0.0, 1.0, 0.0, 0.0, 0.0, 0.0, 1.0)\n",
      "Reoriented and saved: nyu_0147.nii.gz\n",
      "nyu_0072.nii.gz (0.0, 1.0, 0.0, 1.0, 0.0, 0.0, 0.0, 0.0, 1.0)\n",
      "Reoriented and saved: nyu_0072.nii.gz\n",
      "nyu_0039.nii.gz (0.0, 1.0, 0.0, 1.0, 0.0, 0.0, 0.0, 0.0, 1.0)\n",
      "Reoriented and saved: nyu_0039.nii.gz\n",
      "nyu_0081.nii.gz (0.0, 0.9991943951672507, -0.0401317942396224, 1.0, 0.0, 0.0, 0.0, 0.04013179121783652, 0.9991943950458833)\n",
      "Reoriented and saved: nyu_0081.nii.gz\n",
      "nyu_0113.nii.gz (0.0, 1.0, 0.0, 1.0, 0.0, 0.0, 0.0, 0.0, 1.0)\n",
      "Reoriented and saved: nyu_0113.nii.gz\n",
      "nyu_0106.nii.gz (0.0, 1.0, 0.0, 1.0, 0.0, 0.0, 0.0, 0.0, 1.0)\n",
      "Reoriented and saved: nyu_0106.nii.gz\n",
      "nyu_0086.nii.gz (0.0, 1.0, 0.0, 1.0, 0.0, 0.0, 0.0, 0.0, 1.0)\n",
      "Reoriented and saved: nyu_0086.nii.gz\n",
      "nyu_0129.nii.gz (0.00011612247647243479, 0.9974460628562395, 0.07142364752620632, 0.9999947201389809, 0.00011612248619653186, -0.003247492928515152, 0.003247492837803516, -0.07142365300203522, 0.9974407833870298)\n",
      "Reoriented and saved: nyu_0129.nii.gz\n",
      "nyu_0171.nii.gz (0.0, 1.0, 0.0, 1.0, 0.0, 0.0, 0.0, 0.0, 1.0)\n",
      "Reoriented and saved: nyu_0171.nii.gz\n",
      "nyu_0069.nii.gz (0.0, 1.0, 0.0, 1.0, 0.0, 0.0, 0.0, 0.0, 1.0)\n",
      "Reoriented and saved: nyu_0069.nii.gz\n",
      "nyu_0137.nii.gz (0.0, 1.0, 0.0, 1.0, 0.0, 0.0, 0.0, 0.0, 1.0)\n",
      "Reoriented and saved: nyu_0137.nii.gz\n",
      "nyu_0057.nii.gz (0.0, 1.0, 0.0, 1.0, 0.0, 0.0, 0.0, 0.0, 1.0)\n",
      "Reoriented and saved: nyu_0057.nii.gz\n",
      "nyu_0160.nii.gz (0.0, 1.0, 0.0, 1.0, 0.0, 0.0, 0.0, 0.0, 1.0)\n",
      "Reoriented and saved: nyu_0160.nii.gz\n",
      "nyu_0167.nii.gz (0.0, 1.0, 0.0, 1.0, 0.0, 0.0, 0.0, 0.0, 1.0)\n",
      "Reoriented and saved: nyu_0167.nii.gz\n",
      "nyu_0009.nii.gz (0.0, 1.0, 0.0, 1.0, 0.0, 0.0, 0.0, 0.0, 1.0)\n",
      "Reoriented and saved: nyu_0009.nii.gz\n",
      "nyu_0035.nii.gz (0.0, 1.0, 0.0, 1.0, 0.0, 0.0, 0.0, 0.0, 1.0)\n",
      "Reoriented and saved: nyu_0035.nii.gz\n",
      "nyu_0096.nii.gz (0.0, 1.0, 0.0, 1.0, 0.0, 0.0, 0.0, 0.0, 1.0)\n",
      "Reoriented and saved: nyu_0096.nii.gz\n",
      "nyu_0061.nii.gz (0.0, 1.0, 0.0, 1.0, 0.0, 0.0, 0.0, 0.0, 1.0)\n",
      "Reoriented and saved: nyu_0061.nii.gz\n",
      "nyu_0027.nii.gz (0.0, 1.0, 0.0, 1.0, 0.0, 0.0, 0.0, 0.0, 1.0)\n",
      "Reoriented and saved: nyu_0027.nii.gz\n",
      "nyu_0033.nii.gz (0.0, 1.0, 0.0, 1.0, 0.0, 0.0, 0.0, 0.0, 1.0)\n",
      "Reoriented and saved: nyu_0033.nii.gz\n",
      "nyu_0062.nii.gz (-1.2222764611558399e-05, 0.9991948226572946, 0.04012114769394869, 0.9999998144557817, -1.2222764124719998e-05, 0.0006090476273811797, -0.0006090476224602567, -0.04012114436879068, 0.9991946369795566)\n",
      "Reoriented and saved: nyu_0062.nii.gz\n",
      "nyu_0145.nii.gz (0.0, 1.0, 0.0, 1.0, 0.0, 0.0, 0.0, 0.0, 1.0)\n",
      "Reoriented and saved: nyu_0145.nii.gz\n",
      "nyu_0133.nii.gz (0.0, 1.0, 0.0, 1.0, 0.0, 0.0, 0.0, 0.0, 1.0)\n",
      "Reoriented and saved: nyu_0133.nii.gz\n",
      "nyu_0140.nii.gz (0.0, 1.0, 0.0, 1.0, 0.0, 0.0, 0.0, 0.0, 1.0)\n",
      "Reoriented and saved: nyu_0140.nii.gz\n",
      "nyu_0045.nii.gz (0.0, 1.0, 0.0, 1.0, 0.0, 0.0, 0.0, 0.0, 1.0)\n",
      "Reoriented and saved: nyu_0045.nii.gz\n",
      "nyu_0006.nii.gz (0.0, 1.0, 0.0, 1.0, 0.0, 0.0, 0.0, 0.0, 1.0)\n",
      "Reoriented and saved: nyu_0006.nii.gz\n",
      "nyu_0109.nii.gz (0.0, 1.0, 0.0, 1.0, 0.0, 0.0, 0.0, 0.0, 1.0)\n",
      "Reoriented and saved: nyu_0109.nii.gz\n",
      "nyu_0131.nii.gz (0.0, 1.0, 0.0, 1.0, 0.0, 0.0, 0.0, 0.0, 1.0)\n",
      "Reoriented and saved: nyu_0131.nii.gz\n",
      "nyu_0065.nii.gz (0.0, 1.0, 0.0, 1.0, 0.0, 0.0, 0.0, 0.0, 1.0)\n",
      "Reoriented and saved: nyu_0065.nii.gz\n",
      "nyu_0098.nii.gz (0.0, 1.0, 0.0, 1.0, 0.0, 0.0, 0.0, 0.0, 1.0)\n",
      "Reoriented and saved: nyu_0098.nii.gz\n",
      "nyu_0023.nii.gz (0.0, 1.0, 0.0, 1.0, 0.0, 0.0, 0.0, 0.0, 1.0)\n",
      "Reoriented and saved: nyu_0023.nii.gz\n",
      "nyu_0155.nii.gz (0.0, 1.0, 0.0, 1.0, 0.0, 0.0, 0.0, 0.0, 1.0)\n",
      "Reoriented and saved: nyu_0155.nii.gz\n",
      "nyu_0053.nii.gz (0.0, 1.0, 0.0, 1.0, 0.0, 0.0, 0.0, 0.0, 1.0)\n",
      "Reoriented and saved: nyu_0053.nii.gz\n",
      "nyu_0100.nii.gz (-0.08013273128271824, 0.9965291932797199, 0.022545744133001963, 0.9967839291976682, 0.08012895423123483, 0.0010728145272932079, 0.0007374757146910197, -0.022559202891043423, 0.9997452367930938)\n",
      "Reoriented and saved: nyu_0100.nii.gz\n",
      "nyu_0052.nii.gz (3.764954594035762e-05, 0.9984485670126786, -0.055681758919309064, 0.9999990863362253, 3.76495338469205e-05, 0.0013512619697360556, -0.0013512620864716443, 0.055681752961281306, 0.9984476530167924)\n",
      "Reoriented and saved: nyu_0052.nii.gz\n",
      "nyu_0040.nii.gz (0.0, 0.9994502159329672, 0.033155180815890875, 1.0, 0.0, 0.0, 0.0, -0.03315517865349453, 0.9994502158612332)\n",
      "Reoriented and saved: nyu_0040.nii.gz\n",
      "nyu_0135.nii.gz (0.0, 1.0, 0.0, 1.0, 0.0, 0.0, 0.0, 0.0, 1.0)\n",
      "Reoriented and saved: nyu_0135.nii.gz\n",
      "nyu_0118.nii.gz (0.0, 1.0, 0.0, 1.0, 0.0, 0.0, 0.0, 0.0, 1.0)\n",
      "Reoriented and saved: nyu_0118.nii.gz\n",
      "nyu_0068.nii.gz (0.0, 1.0, 0.0, 1.0, 0.0, 0.0, 0.0, 0.0, 1.0)\n",
      "Reoriented and saved: nyu_0068.nii.gz\n",
      "nyu_0128.nii.gz (0.0, 1.0, 0.0, 1.0, 0.0, 0.0, 0.0, 0.0, 1.0)\n",
      "Reoriented and saved: nyu_0128.nii.gz\n",
      "nyu_0127.nii.gz (0.0, 1.0, 0.0, 1.0, 0.0, 0.0, 0.0, 0.0, 1.0)\n",
      "Reoriented and saved: nyu_0127.nii.gz\n",
      "nyu_0170.nii.gz (0.0, 1.0, 0.0, 1.0, 0.0, 0.0, 0.0, 0.0, 1.0)\n",
      "Reoriented and saved: nyu_0170.nii.gz\n",
      "nyu_0168.nii.gz (0.0, 0.9999695951569592, -0.00779799735726227, 1.0, 0.0, 0.0, 0.0, 0.007797997283098174, 0.9999695951563808)\n",
      "Reoriented and saved: nyu_0168.nii.gz\n",
      "nyu_0015.nii.gz (0.0, 1.0, 0.0, 1.0, 0.0, 0.0, 0.0, 0.0, 1.0)\n",
      "Reoriented and saved: nyu_0015.nii.gz\n",
      "nyu_0123.nii.gz (0.0, 1.0, 0.0, 1.0, 0.0, 0.0, 0.0, 0.0, 1.0)\n",
      "Reoriented and saved: nyu_0123.nii.gz\n",
      "nyu_0060.nii.gz (0.0, 0.9997270028222274, 0.023364927466428577, 1.0, 0.0, 0.0, 0.0, -0.02336492730753269, 0.9997270028185137)\n",
      "Reoriented and saved: nyu_0060.nii.gz\n",
      "nyu_0059.nii.gz (0.0, 1.0, 0.0, 1.0, 0.0, 0.0, 0.0, 0.0, 1.0)\n",
      "Reoriented and saved: nyu_0059.nii.gz\n",
      "nyu_0031.nii.gz (0.0, 1.0, 0.0, 1.0, 0.0, 0.0, 0.0, 0.0, 1.0)\n",
      "Reoriented and saved: nyu_0031.nii.gz\n",
      "nyu_0037.nii.gz (0.0, 1.0, 0.0, 1.0, 0.0, 0.0, 0.0, 0.0, 1.0)\n",
      "Reoriented and saved: nyu_0037.nii.gz\n",
      "nyu_0018.nii.gz (0.0, 1.0, 0.0, 1.0, 0.0, 0.0, 0.0, 0.0, 1.0)\n",
      "Reoriented and saved: nyu_0018.nii.gz\n",
      "nyu_0107.nii.gz (0.0, 1.0, 0.0, 1.0, 0.0, 0.0, 0.0, 0.0, 1.0)\n",
      "Reoriented and saved: nyu_0107.nii.gz\n",
      "nyu_0071.nii.gz (0.0, 0.99823982803006, 0.059306370097574355, 1.0, 0.0, 0.0, 0.0, -0.059306371786817726, 0.9982398281304194)\n",
      "Reoriented and saved: nyu_0071.nii.gz\n",
      "nyu_0036.nii.gz (0.0, 1.0, 0.0, 1.0, 0.0, 0.0, 0.0, 0.0, 1.0)\n",
      "Reoriented and saved: nyu_0036.nii.gz\n",
      "nyu_0030.nii.gz (0.0, 1.0, 0.0, 1.0, 0.0, 0.0, 0.0, 0.0, 1.0)\n",
      "Reoriented and saved: nyu_0030.nii.gz\n",
      "nyu_0138.nii.gz (0.0, 1.0, 0.0, 1.0, 0.0, 0.0, 0.0, 0.0, 1.0)\n",
      "Reoriented and saved: nyu_0138.nii.gz\n",
      "nyu_0090.nii.gz (0.0, 1.0, 0.0, 1.0, 0.0, 0.0, 0.0, 0.0, 1.0)\n",
      "Reoriented and saved: nyu_0090.nii.gz\n",
      "nyu_0078.nii.gz (0.0, 1.0, 0.0, 1.0, 0.0, 0.0, 0.0, 0.0, 1.0)\n",
      "Reoriented and saved: nyu_0078.nii.gz\n",
      "nyu_0007.nii.gz (0.0, 1.0, 0.0, 1.0, 0.0, 0.0, 0.0, 0.0, 1.0)\n",
      "Reoriented and saved: nyu_0007.nii.gz\n",
      "nyu_0056.nii.gz (0.0, 1.0, 0.0, 1.0, 0.0, 0.0, 0.0, 0.0, 1.0)\n",
      "Reoriented and saved: nyu_0056.nii.gz\n",
      "nyu_0143.nii.gz (0.0, 1.0, 0.0, 1.0, 0.0, 0.0, 0.0, 0.0, 1.0)\n",
      "Reoriented and saved: nyu_0143.nii.gz\n",
      "nyu_0079.nii.gz (0.0, 1.0, 0.0, 1.0, 0.0, 0.0, 0.0, 0.0, 1.0)\n",
      "Reoriented and saved: nyu_0079.nii.gz\n",
      "nyu_0074.nii.gz (0.0, 1.0, 0.0, 1.0, 0.0, 0.0, 0.0, 0.0, 1.0)\n",
      "Reoriented and saved: nyu_0074.nii.gz\n",
      "nyu_0126.nii.gz (0.0, 0.999643530268411, -0.026698546774940237, 1.0, 0.0, 0.0, 0.0, 0.026698546636628757, 0.999643530264717)\n",
      "Reoriented and saved: nyu_0126.nii.gz\n",
      "nyu_0024.nii.gz (0.0, 1.0, 0.0, 1.0, 0.0, 0.0, 0.0, 0.0, 1.0)\n",
      "Reoriented and saved: nyu_0024.nii.gz\n",
      "nyu_0173.nii.gz (0.0, 1.0, 0.0, 1.0, 0.0, 0.0, 0.0, 0.0, 1.0)\n",
      "Reoriented and saved: nyu_0173.nii.gz\n",
      "nyu_0091.nii.gz (0.0, 0.9986295345894426, 0.05233596260141117, 1.0, 0.0, 0.0, 0.0, -0.05233595939383567, 0.9986295344213407)\n",
      "Reoriented and saved: nyu_0091.nii.gz\n",
      "nyu_0010.nii.gz (0.0, 1.0, 0.0, 1.0, 0.0, 0.0, 0.0, 0.0, 1.0)\n",
      "Reoriented and saved: nyu_0010.nii.gz\n",
      "nyu_0073.nii.gz (0.0, 1.0, 0.0, 1.0, 0.0, 0.0, 0.0, 0.0, 1.0)\n",
      "Reoriented and saved: nyu_0073.nii.gz\n",
      "nyu_0001.nii.gz (0.0, 1.0, 0.0, 1.0, 0.0, 0.0, 0.0, 0.0, 1.0)\n",
      "Reoriented and saved: nyu_0001.nii.gz\n",
      "nyu_0105.nii.gz (-0.022938736109755654, 0.9969712139419565, 0.07431159861670021, 0.9997354110706229, 0.023002344634876007, -1.1453382175684249e-07, 0.001709455217191831, -0.07429192898559095, 0.9972350707385984)\n",
      "Reoriented and saved: nyu_0105.nii.gz\n",
      "nyu_0046.nii.gz (0.0, 1.0, 0.0, 1.0, 0.0, 0.0, 0.0, 0.0, 1.0)\n",
      "Reoriented and saved: nyu_0046.nii.gz\n",
      "nyu_0101.nii.gz (0.0, 1.0, 0.0, 1.0, 0.0, 0.0, 0.0, 0.0, 1.0)\n",
      "Reoriented and saved: nyu_0101.nii.gz\n",
      "nyu_0064.nii.gz (0.0, 1.0, 0.0, 1.0, 0.0, 0.0, 0.0, 0.0, 1.0)\n",
      "Reoriented and saved: nyu_0064.nii.gz\n",
      "nyu_0049.nii.gz (0.0, 1.0, 0.0, 1.0, 0.0, 0.0, 0.0, 0.0, 1.0)\n",
      "Reoriented and saved: nyu_0049.nii.gz\n",
      "nyu_0019.nii.gz (0.0, 0.9993555005538322, -0.035896845960828885, 1.0, 0.0, 0.0, 0.0, 0.035896845443567624, 0.9993555005352522)\n",
      "Reoriented and saved: nyu_0019.nii.gz\n",
      "nyu_0130.nii.gz (3.9511188388937046e-06, 0.9986289810636847, -0.05234651950228259, 0.999999988613331, 3.951118817655012e-06, 0.00015085665463042473, -0.000150856643025264, 0.052346520076274244, 0.9986289697071015)\n",
      "Reoriented and saved: nyu_0130.nii.gz\n",
      "nyu_0108.nii.gz (0.0, 1.0, 0.0, 1.0, 0.0, 0.0, 0.0, 0.0, 1.0)\n",
      "Reoriented and saved: nyu_0108.nii.gz\n",
      "nyu_0025.nii.gz (0.0, 1.0, 0.0, 1.0, 0.0, 0.0, 0.0, 0.0, 1.0)\n",
      "Reoriented and saved: nyu_0025.nii.gz\n",
      "nyu_0103.nii.gz (0.0, 1.0, 0.0, 1.0, 0.0, 0.0, 0.0, 0.0, 1.0)\n",
      "Reoriented and saved: nyu_0103.nii.gz\n",
      "nyu_0022.nii.gz (0.0, 0.999450215820651, -0.033155179327412784, 1.0, 0.0, 0.0, 0.0, 0.03315518203922359, 0.9994502159106111)\n",
      "Reoriented and saved: nyu_0022.nii.gz\n",
      "nyu_0084.nii.gz (0.0, 1.0, 0.0, 1.0, 0.0, 0.0, 0.0, 0.0, 1.0)\n",
      "Reoriented and saved: nyu_0084.nii.gz\n",
      "nyu_0102.nii.gz (0.0, 0.9970554091309924, 0.07668448737457129, 1.0, 0.0, 0.0, 0.0, -0.07668449075679666, 0.9970554093911226)\n",
      "Reoriented and saved: nyu_0102.nii.gz\n",
      "nyu_0008.nii.gz (0.0, 1.0, 0.0, 1.0, 0.0, 0.0, 0.0, 0.0, 1.0)\n",
      "Reoriented and saved: nyu_0008.nii.gz\n",
      "nyu_0139.nii.gz (0.0, 1.0, 0.0, 1.0, 0.0, 0.0, 0.0, 0.0, 1.0)\n",
      "Reoriented and saved: nyu_0139.nii.gz\n",
      "nyu_0116.nii.gz (0.0, 1.0, 0.0, 1.0, 0.0, 0.0, 0.0, 0.0, 1.0)\n",
      "Reoriented and saved: nyu_0116.nii.gz\n",
      "nyu_0124.nii.gz (0.0, 0.994406479748889, 0.1056208067155419, 1.0, 0.0, 0.0, 0.0, -0.10562079829949406, 0.9944064788549792)\n",
      "Reoriented and saved: nyu_0124.nii.gz\n",
      "nyu_0026.nii.gz (0.0, 0.9992629166119659, 0.038387803345444775, 1.0, 0.0, 0.0, 0.0, -0.038387803846371284, 0.9992629166312096)\n",
      "Reoriented and saved: nyu_0026.nii.gz\n",
      "nyu_0162.nii.gz (0.0, 1.0, 0.0, 1.0, 0.0, 0.0, 0.0, 0.0, 1.0)\n",
      "Reoriented and saved: nyu_0162.nii.gz\n",
      "nyu_0152.nii.gz (0.0, 1.0, 0.0, 1.0, 0.0, 0.0, 0.0, 0.0, 1.0)\n",
      "Reoriented and saved: nyu_0152.nii.gz\n",
      "nyu_0014.nii.gz (0.0, 1.0, 0.0, 1.0, 0.0, 0.0, 0.0, 0.0, 1.0)\n",
      "Reoriented and saved: nyu_0014.nii.gz\n",
